0.032287262209411473333319475450960308202223250835926565633429	0.043946918094589417155051145159058341980888744602013501230037
1.000000000000000000000000000000000000000000000000000000000000	0.383095504564062556446069726025526310341038502801417593519726
0.727527301093930911536095479973894331932443921975930388396302	0.851786012242961253185249575898673265891556635312756993922302
1.000000000000000000000000000000000000000000000000000000000000	0.825301697808855287407902401644261167492596842253301447260642
0.678894232199544696706490629799171840825063644148136134473672	0.186309729948029211464619773055019728428248863504834305367494
0.506076978897830164278599869370153346229248757750608925586195	0.000000000000000000000000000000000000000000000000000000000000
0.833245795678111787333659327460902738562294266797535532178931	0.046469516821603966072862915572102254534877383186962202586064
0.955869954503719874045687398589225307941704075297084290786000	0.176984361995268723683907668182896403380331094389457438869736
0.944023036051786236639583822750294673912225950983244125186533	0.950863772276626261204288553577566142411572694379550716405506
0.612189875280150365530218990208766149148419701285920956366501	0.642871732342419172335578205454518308960792501664528654899064
0.120946807580393288536815674135356956294206945280705162931808	0.818231195468238709610941167033560016496297451128750067852540
0.374528108999955328289645892031139133634505908328086519996631	0.600099997811308358573483306861207177843563817288226299967007
0.726145338740909608197938335254581858506646613707830074395783	0.431614243112667442927423831897204312754010862493786678162720
0.295330258233983438415350257546317276341675282983907248786033	0.795706279422451749225275210316072767041473341350437451651547
0.923699499185569447911102787793357294385094354778325254928539	0.585963168412302882494602012929310852115074470551586082111241
0.327205158574752826338030521008889984726380080976056807099575	0.314887354179807065820998688488613879081887248195635403883316
0.033709577508345716255018296897761503974138030678310107823374	0.644407973968117654414935473191960118925722294840247975320390
0.000000000000000000000000000000000000000000000000000000000000	1.000000000000000000000000000000000000000000000000000000000000
0.000000000000000000000000000000000000000000000000000000000000	0.133474091989350503558174770655564066270594729976833315997759
0.517270476313105909464647996699437940114593277009601231821853	1.000000000000000000000000000000000000000000000000000000000000
0.389016047127906973276021549955173442618239739676812218702315	0.069434458525609920280010421432546095859396723952947436457747
0.327654266529144615487222361067794893673201249674260196036419	0.962273935358303166070972863402200553459789997307604657056373
0.107578480715684124075142525659719771866453205939678971075438	0.469946635135736988568076932366517662310114828832178001601941
