0.365430943223458453079050359242	0.840424187973365194595484065372
0.627103238559259667650606264374	0.467118639334753238534759532055
0.855351548111914157891753854245	0.581515598815869711031061535988
0.026415076950836863600846472897	0.715886465461219722957811768089
0.000000000000000000000000000000	0.916341443483221234830321622987
0.483091589646249763401366487990	0.618128497851308370300825504040
0.021162141926558776624904434373	0.246697217015304932970870937272
0.051528460911220428653486926437	0.958570319568025138773264496583
0.334395949736390484775389318282	0.476798673172347623267772811898
0.246721297916132601777741854007	0.935665665050031014066625786503
0.361656144172314610766933852555	0.105322596320600537378564278550
0.712492290343891514708678022376	0.681282238280438211222256374157
0.844930425291540641240679457865	0.358353571323162586883187708993
0.943962345586568548454750196879	0.696004738321104541399036468721
0.925808507804214744045800547292	0.948002686537190267104208378580
0.217774024076850526848461548523	0.223170120788116531448907606804
0.263876065303294163403496579107	0.691003007642159926024359468388
0.000000000000000000000000000000	0.042196295435238395808040211100
0.589958141023858897540392896537	0.114397953147758899419710155191
0.717890597815991622414821433738	0.019177546232797974764497229632
0.931092075813949040662304422144	0.229200495508076166675088532805
0.723878627110392002155553972254	0.925038715848466387533446287206
0.236145480676118718518298441785	0.021285628998095031148014566728
0.483736089986400415739352377571	0.330977626904030987019301366703
0.592778663946701921688124221388	0.839089428996499858052182808681
0.042181453936713393756919728780	0.000000000000000000000000000000
0.114667952369749271368817863108	0.381383983929218223751142719718
0.747522642827633645999574491888	0.204816055522373670087768819135
0.899984892276806432873073117326	0.000000000000000000000000000000
0.349584135469407554044399721962	0.998089198221598756281118577749
0.945047937836570470426449096104	0.047373397115124218794349987886
0.609883725059805151127369751501	1.000000000000000000000000000000
0.977342260239960437250357594235	0.899227966646030164942322472335
0.113631831496370176300137548082	0.595313681690234374843679791794
1.000000000000000000000000000000	0.405897787625352874278534347761
