1.000000000000000000000000000000000000000000000000000000000000	0.750768518671072058313109153246751230757757824663210986339549
0.000000000000000000000000000000000000000000000000000000000000	0.723755115292853297978946275119592224362371699825544168807624
0.720479852770611406022451337439951152296848997796389823245517	0.000000000000000000000000000000000000000000000000000000000000
0.942061065165564609343055473348870835310055038186248322981061	0.947709499532002393591593041025242905737778170612234569306947
0.942061065165564609343055473348870835310055038186248322981061	0.063597231043022350733425299628509983372096671125889751349248
0.251556451122985470546153408490158633883138221300121414172459	1.000000000000000000000000000000000000000000000000000000000000
0.394829740300599376716770945409313757215527161863209251409676	0.765306088372542896886756685598492336771192367180561622344069
0.000000000000000000000000000000000000000000000000000000000000	0.267814791525536531085516183258964667244700944243219652627078
0.785032396338723264867726761166029043542085719657708668855631	1.000000000000000000000000000000000000000000000000000000000000
0.121530773747203063917429587501901783846814287818728104744814	0.510652176440480551516214647804430313474579413020507081460298
0.509457138598869679946750445525616767996075020474378204918243	0.124195086878533211394396835198611254151466553913277958549132
0.738191712197678246302298792423829383790699351503660891389980	0.710962088093029771919736070106812305461685809384729509657074
0.065195749146482745763602960083443137664057816402405037589995	0.947709499532002393591593041025242905737778170612234569306947
1.000000000000000000000000000000000000000000000000000000000000	0.269300845116440619975792873322948657480376059628141850211800
0.062899941393613718850785172986991821479263452569908869769933	0.063597231043022350733425299628509983372096671125889751349248
0.281848740920819376007718363315128474123142574528095035935552	0.000000000000000000000000000000000000000000000000000000000000
0.783728992564093884797028335363533120290616239068735137765140	0.396412375548860172314256328096768235183040404236357432449324
0.323806897050353210884208640745920970208561303867962416838114	0.531120779911655108178386018524684836754201281679282009942752
0.534111201933136485430502775478829163760527648337889433102340	0.319860443010211048925187063478140944644431262766174603198965
