0.000000000000000000000000000000000000000000000000000000000000	0.163193987583297353991643865631284432377968903900085783212043
0.751678964322430891206472330713065947702697361146774869861262	1.000000000000000000000000000000000000000000000000000000000000
1.000000000000000000000000000000000000000000000000000000000000	0.339397972106709591533211605912044330628220345055955618891475
0.000000000000000000000000000000000000000000000000000000000000	0.833600896148869953623236094263026226517854284855539280453300
0.448315069406829950777733845528268227821857559460327328101557	0.720223480963297705571310275520667554955310986253181444419722
0.043125125112708940614460784186915806407450368690009755465397	0.954296614729601363589910954295102707834122719606413601847623
0.476089267146531308261493510490098173575641987579890640637400	0.872756739645252254549580351145775341548845904006850942304570
0.891263545326952751523143114598949596148065183319517062441513	0.528566738080228643591684949601880202231941555052934007219724
0.472103879280811965745379062393928015239093423639568158241038	0.000000000000000000000000000000000000000000000000000000000000
0.955080085914507305324452535843787957081952549767497082542666	0.724159188498863270463801231592001078082154215649857895419838
0.249582206376905809370589898673413811865717448981037102556371	1.000000000000000000000000000000000000000000000000000000000000
0.967757157406315181914638066691542972989837864628947316938345	0.104719735299483473050743140212547849102167774314955527880250
0.653775466002496675760233622141399675222637485094775136349681	0.160271095720281835131703212655680201917233284946979153977235
0.136364737521826410410370991772096207045834049841258360556511	0.064778850514912582470414251699278625357964763430817943243026
0.667218285180587698184254041008333059744156494061629879861484	0.527520283516012974768266107155810332599640973350749429330660
0.165935266669775531361585716620882212549899298872086642849747	0.627602524283210776830275980580259866557302014413060929044732
0.868571171898550978637511448642601660073147716171979368157807	0.954296614729601363589910954295102707834122719606413601847623
0.532382500077994604484438875892173006190206953160508816467595	0.355696573039755078763599374882605636435501518022581278702229
0.043125125112708940614460784186915806407450368690009755465397	0.422181716246911422551060934648952378054164004775859114489342
0.858333906913217600938838672906840120468285267355032304719799	0.019996004378556498606501430743815533106583861261938933262269
0.209470382030945955562987895530165188988178333593913806206937	0.311965524828385779312725738799522380385823702763865285856514
