0.0000000000000000000000000000000000000000000000000000000000000000000000000000000000000000000000000000000000000000000000000000000000000000000000000000000000000000	0.0000000000000000000000000000000000000000000000000000000000000000000000000000000000000000000000000000000000000000000000000000000000000000000000000000000000000000
0.2799495198723970869319984871626401926615337087132179276074298105788307256431830319033795209054649025441944460163267198787071786040923561525731234770954557678701	0.2390303996007327221076071038341169143027362711995411974078643556868411238949245784317286144600694292922868320583890475459117087344730859121567962412677607366384
0.1039471847043546424981945039804202232631838074778902965133647627751278775703600102343437738757906495681436241248789348704319223255075041692126508327629484707703	0.4365648628559313007798543196656178098278480575585186919004172761429670845843831808058035932075578341450962161997399482612071174668239764583362028842047173571734
0.2881493491140539988768812895733797586874332280090904154475779806515346055865140832009266541461027685417206901153374202162473401583389779610928027332126436429547	0.4666111398415158726016847282987015099317855496416504428239472104214456739355242723824129065850977425659671479287511604830852772005978994951778246154066257083373
0.3992425228287575390813253829875586495223591989242574286016627476879069399512575991798637146680761827340469008979394061188929942124789113089349555648174678510936	0.0295725423817729655339665606488400677325524962895666155031577200858325931355466464762173558406418367855232205319476357911676140964192969091598571927118084139961
0.5204471102170868248559404898805003734627798432227544817256950141751426556220142134134395045243349622374493722224760528474972534221843682220336060798745797791451	0.3993337414850780086877832652483783066643882584801845571066135843709619979851348349500249000034584551236807636548347382652990436281432057008616648957798627374735
0.0000000000000000000000000000000000000000000000000000000000000000000000000000000000000000000000000000000000000000000000000000000000000000000000000000000000000000	0.6248722670415710421985000348934366489084234418458821182773875394608916023716013067447287315545167113797622312001938308563005923928748079944726583902995595357052
0.0201791505139760895874420653106489130671974223608361056729013313743592142244723696331508521830474114461385805966381494909220387958454519793540865695454962131775	0.9798208494860239104125579346893510869328025776391638943270986686256407857755276303668491478169525885538614194033618505090779612041545480206459134304545037868224
0.5158467860295996628656937033013800086235087857448173968364491829007995354400038715140799545312779418916017058526751260227737345955506280375519877642531954439838	0.0775860000976583823275562420003456620234758149486689619759921658334911989135692230752535322352444481008861819014538341403508189202828729739178679834369988411206
0.0800093532598417339302280131643952946328736872620309787445991847993629927495818062866423351715012010294296851011815230338180052764518538144112407074746373517753	0.1775210114579581059984811036037370134381395284785413354147113641813318572132951912456433723849198759465505592907856233883493747530771475109767256036109202732839
0.4074755826196931576039834487561001922397246306214094419494536401190615067690912065066370216780651043389820148028414667628665508613729853137380055093832632428152	0.5636127079916777876882341190508747745589641374459552205026941473317582196312787354023795379514717496774538193559888719892239955845165919849243332447088443817695
0.5709421316003369263314283887800212450884597665179423952918712828764179992392592307182729161467730418247946564663554046041919546855293383933359062481688927623128	0.2142901123530542071840521654472712287578940604383886026599903867109147993890270330699885850598979722742928629024205216436793623421088444188262814719728636569196
0.8702780638922824822739686939774652354892671317714790353706293675509661611140474691784153189482431381196232021687788763504634456732716005300009453707347475027256	0.0252867962024498569908288250776918343581730833216381601227954769615432127888794268715745537383771053844885559795840397640541800779504677865148008047844678816955
0.1975802217990258813305095498898424850027491242369080637860364788164575070756310559309496757018707012254258329991754358703875697347475301366996935617913656096373	0.7085058735699420003741586224574251120422277543991160618432316036762718235774071357326947238549253122231349749203125584952258124202934520455972602994970647998543
0.1803636848766006035540603131937816759544732196331483590843664028288587141170559847126389832445889683252964995896519033321150063801307749617439762239212373602989	0.0915128397708450018136196756650310153260359670180954458009982990802272600899056264180427015043507557982519558695473909801115743588726231778418409230253598815657
0.8709362774744295980141749420367654259572839332420010178528564381916513399133277801001788254854140432012842645393875764052797482287862340189158753150433087139672	0.1027654186876773283240131120279503359807892036909342820789252936231194894020760140061636484007995745862598272035924559294017330474781062453184024553996397236940
0.0822083873122755098973696753396615208974875569284047313758637429224494115924874228786790751989683401343697853970448111741080359205020928897555670369791282197276	0.7280737133385619763001114278921849403195669808194517782374027199699863471153019657545548207076249717868260680222300752774047833536049762535032521947839824652144
0.7097820477714238341425376379292354501736966674490686169340085729068778058768933968172689647141550124396127951000746437471553314946251735912054861838620772731360	0.2902179522285761658574623620707645498263033325509313830659914270931221941231066031827310352858449875603872048999253562528446685053748264087945138161379227268639
0.7073165238396296976023163143651357733541505890001235277347044927484094634734878812307237655712059437601032189552531130375772026444712971412548479701667783375410	0.0000000000000000000000000000000000000000000000000000000000000000000000000000000000000000000000000000000000000000000000000000000000000000000000000000000000000000
0.0201791505139760895874420653106489130671974223608361056729013313743592142244723696331508521830474114461385805966381494909220387958454519793540865695454962131775	0.3544468859312971636704677554173958335773915802716575605847658688180433746181047924704125534005552650953188912882479115976725634578464254149223543048705923887698
