0.3609052907921511122992551105069865660050735223430116546081091842531712050053037265213833078756667832024911870910497813658292702948908484166936747049534129485916	0.8401390913067233318557382981546405143355978967930151577941183128536044459419652890793363805615990968990084678432440530343756547930219645227750801162209584713055
0.6234038147343834106070485206032688059697577143756762952678046836213655092756012007355365758760678178868852488975251519861822359764288518627462502401640838670907	0.4653500529963393271775479597385929506760189644718441338086994194997835676170970627623301935801157114355608556840354634173821616492364784094992730342646029431280
0.8561718290928741071066452172266304406993365789396613189899518397296049344688520362273834252874792386415459717050756636401891275604815950714606391499898860822708	0.5822714344437033929367536005290753829744147396318901168151072199501858115595071132464084238308473463028908315613923813755414023856071539659759233349541927383632
0.0192079938107875599447054631865658502521636191795751914609142169729125036025733184271618658258825713490628831031079851130468587325771890461484320115615121151547	0.7044690641801330154867878972312108833939988197879317846245118372539835421394335076190516894777355073235049330130530359834909256787962348318222581622861744806679
0.0000000000000000000000000000000000000000000000000000000000000000000000000000000000000000000000000000000000000000000000000000000000000000000000000000000000000000	0.8743149401663720856138776136528938669957949215605109889262471626256290562599429523812963992836016782489263283336100826565244498149479732378745656961524269442830
0.4779661514406103782656546632868272394606560100995754930592978757142548890441092287613423468239069718506233441844287405139631338050263064906867869488438025712421	0.6183143273030577322005799612276258310296315373732189174281835342392537281540995693986037673681214866086850272833042308718696982007097569978850131774555156476511
0.0192079938107875599447054631865658502521636191795751914609142169729125036025733184271618658258825713490628831031079851130468587325771890461484320115615121151547	0.2429646001566106161124030030093438965576819651563530011775930423428547000738335898891299260475442119237475781489911014612661055597620356008198315693163827371458
0.0426386020525049158323899633140883683551478367361058299362490265979502938349896886605211890043796228708410642827770784071218415927504333299185220132876165408463	0.9587893620222884942836416156056571990350855744485765954401232632904942863027678560970629770831185714260158246814018673900119461433612668231381914015890914525631
0.3274363044679343616805604490894300861529912007856425838209884537158094054963299438424211844111008754579168854302232881378697143372252579550608847430247347288757	0.4697111168478783846987100268526743942301294159694068381877981248375644542683332315771798896974430362798498629097400695978213247300523080016699080206717751021855
0.2418900751506122524097248459725582879189015083292353509899460016186884629731193274822037727879748999204779842392181482279000119817678370461677161545296277875326	0.9372116934418433709817586779578627548980964138206257574982196444008013890954220903380331156467419092141816299862581632648549957806280484900218644894585887199023
0.3564639882008501222265888339241274962943684335481837387026013996100748831156985817342362544530605578007438362192342125572742544156503025315565128546105192350595	0.1050467723962211636793200606741238964403898353839250844376914562878969105568333124980602518365644667745291066208596204996667903137026626306308209656067765309202
0.7093272210675462992187060578751853110597332360019403075510351724654385165096950354749449986981725709691858332610329483573213382221269656003957924996396883562334	0.6823942407920672768305961727541082479211100534261701452508377517069661280307989215305781227675215387488631404320341405483779799183599697802406936996678873867536
0.8435508136847219945732507765731747207091562621719979416679939527579302517422702298777306873017074336464425590841625290053079145551702830919179751481811575689316	0.3584496150169462967795346663139539376748150395338254754637103354758422106846563354160561048445812986115852377048821736985065246788243216405052437857858882479961
0.9470578607568070492830982448677888502920638969307828623570647170227788170137772076952263780288654050812346070074093396956761999191823501647950148681958741109207	0.7042939038726161750187450956400735371480040074267582026138798475297903413577853928480670688302657953502160630212841084326390613913822228112893140011472246892274
0.9354850418028701464497871552001181230345969069851671403568890096975016576006052088396680446580756113631777620332100959430584751450954295124297109209481582765944	0.9586304462000167544990788767365813065688740378101818250481560604813806871619469376440052130279837492954553391955719469140261286084710838744689501620306966209362
0.2123098858143415778875897089158405343320155425641132529121005984368360329434476474081335518263443189933124811327846410927792812290568268079852363823105394825974	0.2207707231452412498706359150558288321193962759679687937288182741352724338417365885302423230521008063199182050076248624425329748392278122432315672583821302157947
0.2559409902345144930332027142185654320720190230437558890720243183794345043670213718215277344031587954256632385171016582872704390843673050211736536672331757996933	0.6840517023413594922902645687286045909523185233138532160475412398196060223727293795583342201168162381390385235611685079383402723236596804184607823429677255856829
0.0000000000000000000000000000000000000000000000000000000000000000000000000000000000000000000000000000000000000000000000000000000000000000000000000000000000000000	0.0420848509149756157819754911178012559129387919990364813323768929332229949438333602078511476705923230357486108740194406584444474461823603602046368930516209840320
0.5825666039546098490768579233084269388211154243231539389875824575431572965851652331444522101229247661966923746672090498567674000422373452641440399880552861458054	0.1143352283423984400292826725255830696723077688257039900990319276188549052937939946854266798341130547439205010568566609977106052054157398246863476892676201581651
0.7139526924197484904579664494975935963617886740378531102510820880777862509841967250978374736207938117165585117814812788439549026020200697042955112807005343727013	0.0191763672218172735918624848625662074126531992310212975250570156070896029540457968647574121890994576495907936155091476654757528554069530181175287588112775404500
0.9292233697634961255018938510068342741264095471242496079592822625929274363055795197658968950746076049914119598844975575941585225894652543074321454920554861214221	0.2310808391892313099224866518932039743310725001541441483026114310525808722817709888282109963355082428005332854640382058741704491288909688137860712310345210904921
0.7209676100446384954793877198043739583382250277017962764345257787744180430761452086679452848246179185243396727943367831371107451682037803023211450572710858003712	0.9298200221996432858722502470831896825279777156223127717204321126085704912395258936693200999142126876302131004372726158357497114013545375414150996621763292166525
0.2306277619747289939214756509100014733184334187735753371509453823552763617812577262704392879965977478897371384110056029413292179491979411079657125368433401346360	0.0213823614803736039862085929449395254524676691097038079570634979144038949813280489546727261086809905617759019667392801579769333298509892634628514905001408476764
0.4755461097228772517934841500173988219967875180372101445108309678763834508561310116173432343936682715194750381457621025579535501918073849942475853089220664162512	0.3281455070665587070402929305932378488920234915565556780777816814413617092159867831342679024507655234842938947094915625379499287419919027676175462086747151624286
0.5923834875114544595888915349220191515515024446051018836528562480884296515248145899617909445848230669635154308416540402897664014742306767053678200733736690987755	0.8428003185522049260870041243999215712076027106579830059182394185431645209354741941299496859392355641520044377744004949712731145215334318158754702393962283871409
0.0406405274884507196411830711883494542559254115851648407030098087003629029518771046717007839455723598337009876032023270241067088102598148131973621770939460097534	0.0000000000000000000000000000000000000000000000000000000000000000000000000000000000000000000000000000000000000000000000000000000000000000000000000000000000000000
0.1089224281988689138544069279492653892609953518439898292457134451872804689772757944273929892958485964385765804699679942873308724940428556119249352844893778297876	0.3726774220431089566074873880451839346015519865793526995793679584005356836786683521013325525707867266584666401256661164518967203719153813725337774861589079552520
0.7433074010069168681833794655658899205450866534110605709261237399585391949430189089520657590860776065344269791782750916452502114281019730972029921236576519765775	0.2056475225043155978755854861601151067988908297130582297755176572105620423900089753094538672777558188334820902942325077026783125013554425005713362447602425462534
0.8970182028996457770474116171259543348125972209936583485283926198012702411692117988451664692835560923333314644049079495086525527181201376883448872952022247999038	0.0000000000000000000000000000000000000000000000000000000000000000000000000000000000000000000000000000000000000000000000000000000000000000000000000000000000000000
0.3424245697631270241057908907703796237405998924974673073259094770287560879176190107685019299088716893061913799121906900494420805755277547584159849779705433397320	1.0000000000000000000000000000000000000000000000000000000000000000000000000000000000000000000000000000000000000000000000000000000000000000000000000000000000000000
0.9420674055979868674081245497480188295209364892579450437229673313715786990915770879430230416279324163053834691516901541871980025012643521729898565178395028297206	0.0479871035060064043627938694535071368516990801669172631955618844338466695749018354994682113532693506152753276046916902872311114941867972987684972118200768791129
0.6100027134746641367483921656656932042194038771494374668406829949056497865143579522236644738325569040974626500578933418515318968477741499473629432173669775489793	0.9962819752330219896370649143449355660088336710888764744239836971401022288561529776041103895683964961218384384889837342135138252304034632008287588883383278118077
0.9766713243196861033155131629956069965083401292118315083941509010736945198573089286984341355923412259035931348329256595689356967229427119351810557226118040489020	0.9058314525090636059029870200385769887836951129377166295323707559426911929750007693004974011782739533260605470784085153266567451840917313134709324113935042410826
0.1071169574110297839914348212287659716756941759095446099556430830468057349775184795238822628269856583991338072963587555653072589411979206322838142841001224892092	0.5863351298820654497765152891375317522488689010049275317894373304921640288861384917550580188397380101648286295639205880068293714777649151798140285637641441045988
1.0000000000000000000000000000000000000000000000000000000000000000000000000000000000000000000000000000000000000000000000000000000000000000000000000000000000000000	0.4066155753536868471644358462812267409740043188175613781348745375051186752418185204917879201756829295878971317352572611122574138621420655326219135569075424685594
