0.000000000000000000000000000000000000000000000000000000000000	0.894601011253987410508664889759506122958690894327822010246070
0.065322643375900505795449173530374465658222924837375856616913	1.000000000000000000000000000000000000000000000000000000000000
0.906741188377844638453960141916172302536216553793706880953426	0.407420412990045227432570091355587762524379291674651627145504
1.000000000000000000000000000000000000000000000000000000000000	0.591184387125271508209118667978872602241169569882621807327896
0.962190079055943631114456903579825242584137683859953091116135	1.000000000000000000000000000000000000000000000000000000000000
0.907025958456505133793461827160708009477501073049476727010708	0.758291067311265281126547995041115771963535716774093266479829
0.726354877869730597046687482608885694380591220408504531795346	0.755458539268138223258952123830605926853395899946861722177001
0.495541931361140514952795316916327633431417313753121686327457	0.000000000000000000000000000000000000000000000000000000000000
0.642079968198193387725605807136267652876119497813268669966021	0.570889827528900769269861261505530438534906010470122361192478
0.041275945869651432447335672860162135309860732460427482455721	0.218724546817814028312880465787877539815467554247714847697452
0.285107455568728766145374769424169673855208088970489248406830	0.879243355089348916343256538260743953817343143588122744306685
0.406231917181723974272798743195900207193429643156809224556875	0.643689700471029716046908150001025947151185024056557506885830
0.281763435818907951087908613299673815657564530408405971913503	0.445908563568862341041535921453897136237180802296486923495029
0.078284166658656585832559067657198123701993391394003462881813	0.619069535891247005311319100557145262065853729225063788656398
0.000000000000000000000000000000000000000000000000000000000000	0.427340014282245911523951405570445752624858780344248438833239
1.000000000000000000000000000000000000000000000000000000000000	0.081089704659748431372935610581348827838247658391821578131987
0.324414202337696122084310575129835319980088910454641191940459	0.205306336132838599107311629051582199946091580604872862750298
0.512476542717604538062647967561056772503861328903181766838572	0.977226720165213722065848656269512157940670412841988199929747
0.685643401093142573810101125317022179118759973187879017004576	0.285495599436920394359232566683008588767660444673604047966218
0.962190079055943631114456903579825242584137683859953091116135	0.000000000000000000000000000000000000000000000000000000000000
0.624987619226316281024622028964013625301785012245797337130434	0.059040293074966930798348081453484440169851250682064548333903
0.699085732781624601877465592336685550335274257640043178663890	0.924590831363336548809468289965696313190032908390581251125708
0.160548510647365540886567372378641525648180011781016145226579	0.083162244830842011529669306423649169928572468792532003295735
