0.025431137128016817853471025729603706485898409493198842221100	0.961565878438148429962730599002825690556755634888972419503019
0.999114708456683076931782789674337270723353622831161181604869	0.104168966878337392619476404041274705603981472180843069760346
0.956104442977704331025477886976833030210152603121223879483975	0.000000000000000000000000000000000000000000000000000000000000
0.612561986591465826838547986432357634489732225880118965756541	1.000000000000000000000000000000000000000000000000000000000000
1.000000000000000000000000000000000000000000000000000000000000	0.520969409629081870548735753451106975244363107063523821143508
0.418996800724823635805715444932403257454630247391891057386951	0.944588293038540508347837479656707815227698667881741789912221
0.454152844409112109416874890526259772424472684136735811895972	0.794424089154038187240803369938707342463432653460658443904080
0.854275287515071435867054237229188274824681059131314733147152	0.967634412174199365655154832522065821633345985437815448574389
0.103992856265682570048840711549674138947409635027333283995948	1.000000000000000000000000000000000000000000000000000000000000
0.055460189053305710632709662003345221431269929776969133715672	0.000000000000000000000000000000000000000000000000000000000000
0.766746506200730149053118953245103091954529963649119144003855	0.119219092821383652992829474217610247204009368507571847079042
0.937566290172365128843649318669625582102490478189002526587494	0.337803974601977595009448661136281710093509112627859672864598
0.058650677730825171690739623733681480850202413222790572280751	0.445977243588098398727947743977883315987776752977931255441473
0.756680333170448682343276874375958979620971651661306744862769	0.757004887109660058481282754979611335694395833338137281442373
0.430294890713361976983496434306031983145036339254490849294274	0.428127803210758910056866004886770599135565527484264581660766
0.163917148522930528894979305004330096577944464501933803445975	0.721621842543844554846847176548165526281217839116882985814952
0.961094587273887933580008979668159112876859073557489557006534	0.796975212746480649276204250759736441617737225670240482517424
0.000000000000000000000000000000000000000000000000000000000000	0.092362313584644493336444625263033644940598487357767668920621
0.344906989072285694949392574198259647188855641461747743050689	0.272893856905785578851987392137649501448468844957928385670525
0.708784406176464236436311140366868710277085104681861177051159	0.342920212662442681135566476795019705272699478635825259462195
0.785734352342229920509999181364802524320246168812435231374994	0.551355546941975957472645139808918392132064412714188352219042
0.494568017298996186277543793984101811065105533356567160659077	0.022656150129391072836465558382787195935648856061603258308618
0.000000000000000000000000000000000000000000000000000000000000	0.739605839117621263388650634144059028453365227721376176611874
0.362330345947462239577319604936711681723524132581158318139360	0.074576045248080973744569315808428301621442126025752333522411
0.147155689680973454559419288487147620264575051667765185698522	0.283533025178186996964161187857263640742286152665213422877999
